(
MN908947.3:-0.00059,
MZ437368.1:0.00236,
MT291827.1:0.00059);
